Polycube Solver 1.0
Box dimensions: 20x3x1
Pieces: F_ I_ L_ N_ P_ T_ U_ V_ W_ X_ Y_ Z_
Locked: F_ (2)
Problem matrix: 1128x72
010000000000000000001100000000000000000001100000000000000000100000000000
001000000000000000000110000000000000000000110000000000000000100000000000
000100000000000000000011000000000000000000011000000000000000100000000000
000010000000000000000001100000000000000000001100000000000000100000000000
000001000000000000000000110000000000000000000110000000000000100000000000
000000100000000000000000011000000000000000000011000000000000100000000000
000000010000000000000000001100000000000000000001100000000000100000000000
000000001000000000000000000110000000000000000000110000000000100000000000
000000000100000000000000000011000000000000000000011000000000100000000000
000000000010000000000000000001100000000000000000001100000000100000000000
000000000001000000000000000000110000000000000000000110000000100000000000
000000000000100000000000000000011000000000000000000011000000100000000000
000000000000010000000000000000001100000000000000000001100000100000000000
000000000000001000000000000000000110000000000000000000110000100000000000
000000000000000100000000000000000011000000000000000000011000100000000000
000000000000000010000000000000000001100000000000000000001100100000000000
000000000000000001000000000000000000110000000000000000000110100000000000
000000000000000000100000000000000000011000000000000000000011100000000000
010000000000000000001110000000000000000010000000000000000000100000000000
001000000000000000000111000000000000000001000000000000000000100000000000
000100000000000000000011100000000000000000100000000000000000100000000000
000010000000000000000001110000000000000000010000000000000000100000000000
000001000000000000000000111000000000000000001000000000000000100000000000
000000100000000000000000011100000000000000000100000000000000100000000000
000000010000000000000000001110000000000000000010000000000000100000000000
000000001000000000000000000111000000000000000001000000000000100000000000
000000000100000000000000000011100000000000000000100000000000100000000000
000000000010000000000000000001110000000000000000010000000000100000000000
000000000001000000000000000000111000000000000000001000000000100000000000
000000000000100000000000000000011100000000000000000100000000100000000000
000000000000010000000000000000001110000000000000000010000000100000000000
000000000000001000000000000000000111000000000000000001000000100000000000
000000000000000100000000000000000011100000000000000000100000100000000000
000000000000000010000000000000000001110000000000000000010000100000000000
000000000000000001000000000000000000111000000000000000001000100000000000
000000000000000000100000000000000000011100000000000000000100100000000000
111110000000000000000000000000000000000000000000000000000000010000000000
011111000000000000000000000000000000000000000000000000000000010000000000
001111100000000000000000000000000000000000000000000000000000010000000000
000111110000000000000000000000000000000000000000000000000000010000000000
000011111000000000000000000000000000000000000000000000000000010000000000
000001111100000000000000000000000000000000000000000000000000010000000000
000000111110000000000000000000000000000000000000000000000000010000000000
000000011111000000000000000000000000000000000000000000000000010000000000
000000001111100000000000000000000000000000000000000000000000010000000000
000000000111110000000000000000000000000000000000000000000000010000000000
000000000011111000000000000000000000000000000000000000000000010000000000
000000000001111100000000000000000000000000000000000000000000010000000000
000000000000111110000000000000000000000000000000000000000000010000000000
000000000000011111000000000000000000000000000000000000000000010000000000
000000000000001111100000000000000000000000000000000000000000010000000000
000000000000000111110000000000000000000000000000000000000000010000000000
000000000000000000001111100000000000000000000000000000000000010000000000
000000000000000000000111110000000000000000000000000000000000010000000000
000000000000000000000011111000000000000000000000000000000000010000000000
000000000000000000000001111100000000000000000000000000000000010000000000
000000000000000000000000111110000000000000000000000000000000010000000000
000000000000000000000000011111000000000000000000000000000000010000000000
000000000000000000000000001111100000000000000000000000000000010000000000
000000000000000000000000000111110000000000000000000000000000010000000000
000000000000000000000000000011111000000000000000000000000000010000000000
000000000000000000000000000001111100000000000000000000000000010000000000
000000000000000000000000000000111110000000000000000000000000010000000000
000000000000000000000000000000011111000000000000000000000000010000000000
000000000000000000000000000000001111100000000000000000000000010000000000
000000000000000000000000000000000111110000000000000000000000010000000000
000000000000000000000000000000000011111000000000000000000000010000000000
000000000000000000000000000000000001111100000000000000000000010000000000
000000000000000000000000000000000000000011111000000000000000010000000000
000000000000000000000000000000000000000001111100000000000000010000000000
000000000000000000000000000000000000000000111110000000000000010000000000
000000000000000000000000000000000000000000011111000000000000010000000000
000000000000000000000000000000000000000000001111100000000000010000000000
000000000000000000000000000000000000000000000111110000000000010000000000
000000000000000000000000000000000000000000000011111000000000010000000000
000000000000000000000000000000000000000000000001111100000000010000000000
000000000000000000000000000000000000000000000000111110000000010000000000
000000000000000000000000000000000000000000000000011111000000010000000000
000000000000000000000000000000000000000000000000001111100000010000000000
000000000000000000000000000000000000000000000000000111110000010000000000
000000000000000000000000000000000000000000000000000011111000010000000000
000000000000000000000000000000000000000000000000000001111100010000000000
000000000000000000000000000000000000000000000000000000111110010000000000
000000000000000000000000000000000000000000000000000000011111010000000000
111100000000000000000001000000000000000000000000000000000000001000000000
011110000000000000000000100000000000000000000000000000000000001000000000
001111000000000000000000010000000000000000000000000000000000001000000000
000111100000000000000000001000000000000000000000000000000000001000000000
000011110000000000000000000100000000000000000000000000000000001000000000
000001111000000000000000000010000000000000000000000000000000001000000000
000000111100000000000000000001000000000000000000000000000000001000000000
000000011110000000000000000000100000000000000000000000000000001000000000
000000001111000000000000000000010000000000000000000000000000001000000000
000000000111100000000000000000001000000000000000000000000000001000000000
000000000011110000000000000000000100000000000000000000000000001000000000
000000000001111000000000000000000010000000000000000000000000001000000000
000000000000111100000000000000000001000000000000000000000000001000000000
000000000000011110000000000000000000100000000000000000000000001000000000
000000000000001111000000000000000000010000000000000000000000001000000000
000000000000000111100000000000000000001000000000000000000000001000000000
000000000000000011110000000000000000000100000000000000000000001000000000
000000000000000000001111000000000000000000010000000000000000001000000000
000000000000000000000111100000000000000000001000000000000000001000000000
000000000000000000000011110000000000000000000100000000000000001000000000
000000000000000000000001111000000000000000000010000000000000001000000000
000000000000000000000000111100000000000000000001000000000000001000000000
000000000000000000000000011110000000000000000000100000000000001000000000
000000000000000000000000001111000000000000000000010000000000001000000000
000000000000000000000000000111100000000000000000001000000000001000000000
000000000000000000000000000011110000000000000000000100000000001000000000
000000000000000000000000000001111000000000000000000010000000001000000000
000000000000000000000000000000111100000000000000000001000000001000000000
000000000000000000000000000000011110000000000000000000100000001000000000
000000000000000000000000000000001111000000000000000000010000001000000000
000000000000000000000000000000000111100000000000000000001000001000000000
000000000000000000000000000000000011110000000000000000000100001000000000
000000000000000000000000000000000001111000000000000000000010001000000000
000000000000000000000000000000000000111100000000000000000001001000000000
100000000000000000001111000000000000000000000000000000000000001000000000
010000000000000000000111100000000000000000000000000000000000001000000000
001000000000000000000011110000000000000000000000000000000000001000000000
000100000000000000000001111000000000000000000000000000000000001000000000
000010000000000000000000111100000000000000000000000000000000001000000000
000001000000000000000000011110000000000000000000000000000000001000000000
000000100000000000000000001111000000000000000000000000000000001000000000
000000010000000000000000000111100000000000000000000000000000001000000000
000000001000000000000000000011110000000000000000000000000000001000000000
000000000100000000000000000001111000000000000000000000000000001000000000
000000000010000000000000000000111100000000000000000000000000001000000000
000000000001000000000000000000011110000000000000000000000000001000000000
000000000000100000000000000000001111000000000000000000000000001000000000
000000000000010000000000000000000111100000000000000000000000001000000000
000000000000001000000000000000000011110000000000000000000000001000000000
000000000000000100000000000000000001111000000000000000000000001000000000
000000000000000010000000000000000000111100000000000000000000001000000000
000000000000000000001000000000000000000011110000000000000000001000000000
000000000000000000000100000000000000000001111000000000000000001000000000
000000000000000000000010000000000000000000111100000000000000001000000000
000000000000000000000001000000000000000000011110000000000000001000000000
000000000000000000000000100000000000000000001111000000000000001000000000
000000000000000000000000010000000000000000000111100000000000001000000000
000000000000000000000000001000000000000000000011110000000000001000000000
000000000000000000000000000100000000000000000001111000000000001000000000
000000000000000000000000000010000000000000000000111100000000001000000000
000000000000000000000000000001000000000000000000011110000000001000000000
000000000000000000000000000000100000000000000000001111000000001000000000
000000000000000000000000000000010000000000000000000111100000001000000000
000000000000000000000000000000001000000000000000000011110000001000000000
000000000000000000000000000000000100000000000000000001111000001000000000
000000000000000000000000000000000010000000000000000000111100001000000000
000000000000000000000000000000000001000000000000000000011110001000000000
000000000000000000000000000000000000100000000000000000001111001000000000
000100000000000000001111000000000000000000000000000000000000001000000000
000010000000000000000111100000000000000000000000000000000000001000000000
000001000000000000000011110000000000000000000000000000000000001000000000
000000100000000000000001111000000000000000000000000000000000001000000000
000000010000000000000000111100000000000000000000000000000000001000000000
000000001000000000000000011110000000000000000000000000000000001000000000
000000000100000000000000001111000000000000000000000000000000001000000000
000000000010000000000000000111100000000000000000000000000000001000000000
000000000001000000000000000011110000000000000000000000000000001000000000
000000000000100000000000000001111000000000000000000000000000001000000000
000000000000010000000000000000111100000000000000000000000000001000000000
000000000000001000000000000000011110000000000000000000000000001000000000
000000000000000100000000000000001111000000000000000000000000001000000000
000000000000000010000000000000000111100000000000000000000000001000000000
000000000000000001000000000000000011110000000000000000000000001000000000
000000000000000000100000000000000001111000000000000000000000001000000000
000000000000000000010000000000000000111100000000000000000000001000000000
000000000000000000000001000000000000000011110000000000000000001000000000
000000000000000000000000100000000000000001111000000000000000001000000000
000000000000000000000000010000000000000000111100000000000000001000000000
000000000000000000000000001000000000000000011110000000000000001000000000
000000000000000000000000000100000000000000001111000000000000001000000000
000000000000000000000000000010000000000000000111100000000000001000000000
000000000000000000000000000001000000000000000011110000000000001000000000
000000000000000000000000000000100000000000000001111000000000001000000000
000000000000000000000000000000010000000000000000111100000000001000000000
000000000000000000000000000000001000000000000000011110000000001000000000
000000000000000000000000000000000100000000000000001111000000001000000000
000000000000000000000000000000000010000000000000000111100000001000000000
000000000000000000000000000000000001000000000000000011110000001000000000
000000000000000000000000000000000000100000000000000001111000001000000000
000000000000000000000000000000000000010000000000000000111100001000000000
000000000000000000000000000000000000001000000000000000011110001000000000
000000000000000000000000000000000000000100000000000000001111001000000000
111100000000000000001000000000000000000000000000000000000000001000000000
011110000000000000000100000000000000000000000000000000000000001000000000
001111000000000000000010000000000000000000000000000000000000001000000000
000111100000000000000001000000000000000000000000000000000000001000000000
000011110000000000000000100000000000000000000000000000000000001000000000
000001111000000000000000010000000000000000000000000000000000001000000000
000000111100000000000000001000000000000000000000000000000000001000000000
000000011110000000000000000100000000000000000000000000000000001000000000
000000001111000000000000000010000000000000000000000000000000001000000000
000000000111100000000000000001000000000000000000000000000000001000000000
000000000011110000000000000000100000000000000000000000000000001000000000
000000000001111000000000000000010000000000000000000000000000001000000000
000000000000111100000000000000001000000000000000000000000000001000000000
000000000000011110000000000000000100000000000000000000000000001000000000
000000000000001111000000000000000010000000000000000000000000001000000000
000000000000000111100000000000000001000000000000000000000000001000000000
000000000000000011110000000000000000100000000000000000000000001000000000
000000000000000000001111000000000000000010000000000000000000001000000000
000000000000000000000111100000000000000001000000000000000000001000000000
000000000000000000000011110000000000000000100000000000000000001000000000
000000000000000000000001111000000000000000010000000000000000001000000000
000000000000000000000000111100000000000000001000000000000000001000000000
000000000000000000000000011110000000000000000100000000000000001000000000
000000000000000000000000001111000000000000000010000000000000001000000000
000000000000000000000000000111100000000000000001000000000000001000000000
000000000000000000000000000011110000000000000000100000000000001000000000
000000000000000000000000000001111000000000000000010000000000001000000000
000000000000000000000000000000111100000000000000001000000000001000000000
000000000000000000000000000000011110000000000000000100000000001000000000
000000000000000000000000000000001111000000000000000010000000001000000000
000000000000000000000000000000000111100000000000000001000000001000000000
000000000000000000000000000000000011110000000000000000100000001000000000
000000000000000000000000000000000001111000000000000000010000001000000000
000000000000000000000000000000000000111100000000000000001000001000000000
001100000000000000001110000000000000000000000000000000000000000100000000
000110000000000000000111000000000000000000000000000000000000000100000000
000011000000000000000011100000000000000000000000000000000000000100000000
000001100000000000000001110000000000000000000000000000000000000100000000
000000110000000000000000111000000000000000000000000000000000000100000000
000000011000000000000000011100000000000000000000000000000000000100000000
000000001100000000000000001110000000000000000000000000000000000100000000
000000000110000000000000000111000000000000000000000000000000000100000000
000000000011000000000000000011100000000000000000000000000000000100000000
000000000001100000000000000001110000000000000000000000000000000100000000
000000000000110000000000000000111000000000000000000000000000000100000000
000000000000011000000000000000011100000000000000000000000000000100000000
000000000000001100000000000000001110000000000000000000000000000100000000
000000000000000110000000000000000111000000000000000000000000000100000000
000000000000000011000000000000000011100000000000000000000000000100000000
000000000000000001100000000000000001110000000000000000000000000100000000
000000000000000000110000000000000000111000000000000000000000000100000000
000000000000000000000011000000000000000011100000000000000000000100000000
000000000000000000000001100000000000000001110000000000000000000100000000
000000000000000000000000110000000000000000111000000000000000000100000000
000000000000000000000000011000000000000000011100000000000000000100000000
000000000000000000000000001100000000000000001110000000000000000100000000
000000000000000000000000000110000000000000000111000000000000000100000000
000000000000000000000000000011000000000000000011100000000000000100000000
000000000000000000000000000001100000000000000001110000000000000100000000
000000000000000000000000000000110000000000000000111000000000000100000000
000000000000000000000000000000011000000000000000011100000000000100000000
000000000000000000000000000000001100000000000000001110000000000100000000
000000000000000000000000000000000110000000000000000111000000000100000000
000000000000000000000000000000000011000000000000000011100000000100000000
000000000000000000000000000000000001100000000000000001110000000100000000
000000000000000000000000000000000000110000000000000000111000000100000000
000000000000000000000000000000000000011000000000000000011100000100000000
000000000000000000000000000000000000001100000000000000001110000100000000
011100000000000000001100000000000000000000000000000000000000000100000000
001110000000000000000110000000000000000000000000000000000000000100000000
000111000000000000000011000000000000000000000000000000000000000100000000
000011100000000000000001100000000000000000000000000000000000000100000000
000001110000000000000000110000000000000000000000000000000000000100000000
000000111000000000000000011000000000000000000000000000000000000100000000
000000011100000000000000001100000000000000000000000000000000000100000000
000000001110000000000000000110000000000000000000000000000000000100000000
000000000111000000000000000011000000000000000000000000000000000100000000
000000000011100000000000000001100000000000000000000000000000000100000000
000000000001110000000000000000110000000000000000000000000000000100000000
000000000000111000000000000000011000000000000000000000000000000100000000
000000000000011100000000000000001100000000000000000000000000000100000000
000000000000001110000000000000000110000000000000000000000000000100000000
000000000000000111000000000000000011000000000000000000000000000100000000
000000000000000011100000000000000001100000000000000000000000000100000000
000000000000000001110000000000000000110000000000000000000000000100000000
000000000000000000000111000000000000000011000000000000000000000100000000
000000000000000000000011100000000000000001100000000000000000000100000000
000000000000000000000001110000000000000000110000000000000000000100000000
000000000000000000000000111000000000000000011000000000000000000100000000
000000000000000000000000011100000000000000001100000000000000000100000000
000000000000000000000000001110000000000000000110000000000000000100000000
000000000000000000000000000111000000000000000011000000000000000100000000
000000000000000000000000000011100000000000000001100000000000000100000000
000000000000000000000000000001110000000000000000110000000000000100000000
000000000000000000000000000000111000000000000000011000000000000100000000
000000000000000000000000000000011100000000000000001100000000000100000000
000000000000000000000000000000001110000000000000000110000000000100000000
000000000000000000000000000000000111000000000000000011000000000100000000
000000000000000000000000000000000011100000000000000001100000000100000000
000000000000000000000000000000000001110000000000000000110000000100000000
000000000000000000000000000000000000111000000000000000011000000100000000
000000000000000000000000000000000000011100000000000000001100000100000000
111000000000000000000011000000000000000000000000000000000000000100000000
011100000000000000000001100000000000000000000000000000000000000100000000
001110000000000000000000110000000000000000000000000000000000000100000000
000111000000000000000000011000000000000000000000000000000000000100000000
000011100000000000000000001100000000000000000000000000000000000100000000
000001110000000000000000000110000000000000000000000000000000000100000000
000000111000000000000000000011000000000000000000000000000000000100000000
000000011100000000000000000001100000000000000000000000000000000100000000
000000001110000000000000000000110000000000000000000000000000000100000000
000000000111000000000000000000011000000000000000000000000000000100000000
000000000011100000000000000000001100000000000000000000000000000100000000
000000000001110000000000000000000110000000000000000000000000000100000000
000000000000111000000000000000000011000000000000000000000000000100000000
000000000000011100000000000000000001100000000000000000000000000100000000
000000000000001110000000000000000000110000000000000000000000000100000000
000000000000000111000000000000000000011000000000000000000000000100000000
000000000000000011100000000000000000001100000000000000000000000100000000
000000000000000000001110000000000000000000110000000000000000000100000000
000000000000000000000111000000000000000000011000000000000000000100000000
000000000000000000000011100000000000000000001100000000000000000100000000
000000000000000000000001110000000000000000000110000000000000000100000000
000000000000000000000000111000000000000000000011000000000000000100000000
000000000000000000000000011100000000000000000001100000000000000100000000
000000000000000000000000001110000000000000000000110000000000000100000000
000000000000000000000000000111000000000000000000011000000000000100000000
000000000000000000000000000011100000000000000000001100000000000100000000
000000000000000000000000000001110000000000000000000110000000000100000000
000000000000000000000000000000111000000000000000000011000000000100000000
000000000000000000000000000000011100000000000000000001100000000100000000
000000000000000000000000000000001110000000000000000000110000000100000000
000000000000000000000000000000000111000000000000000000011000000100000000
000000000000000000000000000000000011100000000000000000001100000100000000
000000000000000000000000000000000001110000000000000000000110000100000000
000000000000000000000000000000000000111000000000000000000011000100000000
110000000000000000000111000000000000000000000000000000000000000100000000
011000000000000000000011100000000000000000000000000000000000000100000000
001100000000000000000001110000000000000000000000000000000000000100000000
000110000000000000000000111000000000000000000000000000000000000100000000
000011000000000000000000011100000000000000000000000000000000000100000000
000001100000000000000000001110000000000000000000000000000000000100000000
000000110000000000000000000111000000000000000000000000000000000100000000
000000011000000000000000000011100000000000000000000000000000000100000000
000000001100000000000000000001110000000000000000000000000000000100000000
000000000110000000000000000000111000000000000000000000000000000100000000
000000000011000000000000000000011100000000000000000000000000000100000000
000000000001100000000000000000001110000000000000000000000000000100000000
000000000000110000000000000000000111000000000000000000000000000100000000
000000000000011000000000000000000011100000000000000000000000000100000000
000000000000001100000000000000000001110000000000000000000000000100000000
000000000000000110000000000000000000111000000000000000000000000100000000
000000000000000011000000000000000000011100000000000000000000000100000000
000000000000000000001100000000000000000001110000000000000000000100000000
000000000000000000000110000000000000000000111000000000000000000100000000
000000000000000000000011000000000000000000011100000000000000000100000000
000000000000000000000001100000000000000000001110000000000000000100000000
000000000000000000000000110000000000000000000111000000000000000100000000
000000000000000000000000011000000000000000000011100000000000000100000000
000000000000000000000000001100000000000000000001110000000000000100000000
000000000000000000000000000110000000000000000000111000000000000100000000
000000000000000000000000000011000000000000000000011100000000000100000000
000000000000000000000000000001100000000000000000001110000000000100000000
000000000000000000000000000000110000000000000000000111000000000100000000
000000000000000000000000000000011000000000000000000011100000000100000000
000000000000000000000000000000001100000000000000000001110000000100000000
000000000000000000000000000000000110000000000000000000111000000100000000
000000000000000000000000000000000011000000000000000000011100000100000000
000000000000000000000000000000000001100000000000000000001110000100000000
000000000000000000000000000000000000110000000000000000000111000100000000
100000000000000000001100000000000000000011000000000000000000000010000000
010000000000000000000110000000000000000001100000000000000000000010000000
001000000000000000000011000000000000000000110000000000000000000010000000
000100000000000000000001100000000000000000011000000000000000000010000000
000010000000000000000000110000000000000000001100000000000000000010000000
000001000000000000000000011000000000000000000110000000000000000010000000
000000100000000000000000001100000000000000000011000000000000000010000000
000000010000000000000000000110000000000000000001100000000000000010000000
000000001000000000000000000011000000000000000000110000000000000010000000
000000000100000000000000000001100000000000000000011000000000000010000000
000000000010000000000000000000110000000000000000001100000000000010000000
000000000001000000000000000000011000000000000000000110000000000010000000
000000000000100000000000000000001100000000000000000011000000000010000000
000000000000010000000000000000000110000000000000000001100000000010000000
000000000000001000000000000000000011000000000000000000110000000010000000
000000000000000100000000000000000001100000000000000000011000000010000000
000000000000000010000000000000000000110000000000000000001100000010000000
000000000000000001000000000000000000011000000000000000000110000010000000
000000000000000000100000000000000000001100000000000000000011000010000000
111000000000000000001100000000000000000000000000000000000000000010000000
011100000000000000000110000000000000000000000000000000000000000010000000
001110000000000000000011000000000000000000000000000000000000000010000000
000111000000000000000001100000000000000000000000000000000000000010000000
000011100000000000000000110000000000000000000000000000000000000010000000
000001110000000000000000011000000000000000000000000000000000000010000000
000000111000000000000000001100000000000000000000000000000000000010000000
000000011100000000000000000110000000000000000000000000000000000010000000
000000001110000000000000000011000000000000000000000000000000000010000000
000000000111000000000000000001100000000000000000000000000000000010000000
000000000011100000000000000000110000000000000000000000000000000010000000
000000000001110000000000000000011000000000000000000000000000000010000000
000000000000111000000000000000001100000000000000000000000000000010000000
000000000000011100000000000000000110000000000000000000000000000010000000
000000000000001110000000000000000011000000000000000000000000000010000000
000000000000000111000000000000000001100000000000000000000000000010000000
000000000000000011100000000000000000110000000000000000000000000010000000
000000000000000001110000000000000000011000000000000000000000000010000000
000000000000000000001110000000000000000011000000000000000000000010000000
000000000000000000000111000000000000000001100000000000000000000010000000
000000000000000000000011100000000000000000110000000000000000000010000000
000000000000000000000001110000000000000000011000000000000000000010000000
000000000000000000000000111000000000000000001100000000000000000010000000
000000000000000000000000011100000000000000000110000000000000000010000000
000000000000000000000000001110000000000000000011000000000000000010000000
000000000000000000000000000111000000000000000001100000000000000010000000
000000000000000000000000000011100000000000000000110000000000000010000000
000000000000000000000000000001110000000000000000011000000000000010000000
000000000000000000000000000000111000000000000000001100000000000010000000
000000000000000000000000000000011100000000000000000110000000000010000000
000000000000000000000000000000001110000000000000000011000000000010000000
000000000000000000000000000000000111000000000000000001100000000010000000
000000000000000000000000000000000011100000000000000000110000000010000000
000000000000000000000000000000000001110000000000000000011000000010000000
000000000000000000000000000000000000111000000000000000001100000010000000
000000000000000000000000000000000000011100000000000000000110000010000000
110000000000000000001100000000000000000001000000000000000000000010000000
011000000000000000000110000000000000000000100000000000000000000010000000
001100000000000000000011000000000000000000010000000000000000000010000000
000110000000000000000001100000000000000000001000000000000000000010000000
000011000000000000000000110000000000000000000100000000000000000010000000
000001100000000000000000011000000000000000000010000000000000000010000000
000000110000000000000000001100000000000000000001000000000000000010000000
000000011000000000000000000110000000000000000000100000000000000010000000
000000001100000000000000000011000000000000000000010000000000000010000000
000000000110000000000000000001100000000000000000001000000000000010000000
000000000011000000000000000000110000000000000000000100000000000010000000
000000000001100000000000000000011000000000000000000010000000000010000000
000000000000110000000000000000001100000000000000000001000000000010000000
000000000000011000000000000000000110000000000000000000100000000010000000
000000000000001100000000000000000011000000000000000000010000000010000000
000000000000000110000000000000000001100000000000000000001000000010000000
000000000000000011000000000000000000110000000000000000000100000010000000
000000000000000001100000000000000000011000000000000000000010000010000000
000000000000000000110000000000000000001100000000000000000001000010000000
011000000000000000001110000000000000000000000000000000000000000010000000
001100000000000000000111000000000000000000000000000000000000000010000000
000110000000000000000011100000000000000000000000000000000000000010000000
000011000000000000000001110000000000000000000000000000000000000010000000
000001100000000000000000111000000000000000000000000000000000000010000000
000000110000000000000000011100000000000000000000000000000000000010000000
000000011000000000000000001110000000000000000000000000000000000010000000
000000001100000000000000000111000000000000000000000000000000000010000000
000000000110000000000000000011100000000000000000000000000000000010000000
000000000011000000000000000001110000000000000000000000000000000010000000
000000000001100000000000000000111000000000000000000000000000000010000000
000000000000110000000000000000011100000000000000000000000000000010000000
000000000000011000000000000000001110000000000000000000000000000010000000
000000000000001100000000000000000111000000000000000000000000000010000000
000000000000000110000000000000000011100000000000000000000000000010000000
000000000000000011000000000000000001110000000000000000000000000010000000
000000000000000001100000000000000000111000000000000000000000000010000000
000000000000000000110000000000000000011100000000000000000000000010000000
000000000000000000000110000000000000000011100000000000000000000010000000
000000000000000000000011000000000000000001110000000000000000000010000000
000000000000000000000001100000000000000000111000000000000000000010000000
000000000000000000000000110000000000000000011100000000000000000010000000
000000000000000000000000011000000000000000001110000000000000000010000000
000000000000000000000000001100000000000000000111000000000000000010000000
000000000000000000000000000110000000000000000011100000000000000010000000
000000000000000000000000000011000000000000000001110000000000000010000000
000000000000000000000000000001100000000000000000111000000000000010000000
000000000000000000000000000000110000000000000000011100000000000010000000
000000000000000000000000000000011000000000000000001110000000000010000000
000000000000000000000000000000001100000000000000000111000000000010000000
000000000000000000000000000000000110000000000000000011100000000010000000
000000000000000000000000000000000011000000000000000001110000000010000000
000000000000000000000000000000000001100000000000000000111000000010000000
000000000000000000000000000000000000110000000000000000011100000010000000
000000000000000000000000000000000000011000000000000000001110000010000000
000000000000000000000000000000000000001100000000000000000111000010000000
010000000000000000001100000000000000000011000000000000000000000010000000
001000000000000000000110000000000000000001100000000000000000000010000000
000100000000000000000011000000000000000000110000000000000000000010000000
000010000000000000000001100000000000000000011000000000000000000010000000
000001000000000000000000110000000000000000001100000000000000000010000000
000000100000000000000000011000000000000000000110000000000000000010000000
000000010000000000000000001100000000000000000011000000000000000010000000
000000001000000000000000000110000000000000000001100000000000000010000000
000000000100000000000000000011000000000000000000110000000000000010000000
000000000010000000000000000001100000000000000000011000000000000010000000
000000000001000000000000000000110000000000000000001100000000000010000000
000000000000100000000000000000011000000000000000000110000000000010000000
000000000000010000000000000000001100000000000000000011000000000010000000
000000000000001000000000000000000110000000000000000001100000000010000000
000000000000000100000000000000000011000000000000000000110000000010000000
000000000000000010000000000000000001100000000000000000011000000010000000
000000000000000001000000000000000000110000000000000000001100000010000000
000000000000000000100000000000000000011000000000000000000110000010000000
000000000000000000010000000000000000001100000000000000000011000010000000
110000000000000000001110000000000000000000000000000000000000000010000000
011000000000000000000111000000000000000000000000000000000000000010000000
001100000000000000000011100000000000000000000000000000000000000010000000
000110000000000000000001110000000000000000000000000000000000000010000000
000011000000000000000000111000000000000000000000000000000000000010000000
000001100000000000000000011100000000000000000000000000000000000010000000
000000110000000000000000001110000000000000000000000000000000000010000000
000000011000000000000000000111000000000000000000000000000000000010000000
000000001100000000000000000011100000000000000000000000000000000010000000
000000000110000000000000000001110000000000000000000000000000000010000000
000000000011000000000000000000111000000000000000000000000000000010000000
000000000001100000000000000000011100000000000000000000000000000010000000
000000000000110000000000000000001110000000000000000000000000000010000000
000000000000011000000000000000000111000000000000000000000000000010000000
000000000000001100000000000000000011100000000000000000000000000010000000
000000000000000110000000000000000001110000000000000000000000000010000000
000000000000000011000000000000000000111000000000000000000000000010000000
000000000000000001100000000000000000011100000000000000000000000010000000
000000000000000000001100000000000000000011100000000000000000000010000000
000000000000000000000110000000000000000001110000000000000000000010000000
000000000000000000000011000000000000000000111000000000000000000010000000
000000000000000000000001100000000000000000011100000000000000000010000000
000000000000000000000000110000000000000000001110000000000000000010000000
000000000000000000000000011000000000000000000111000000000000000010000000
000000000000000000000000001100000000000000000011100000000000000010000000
000000000000000000000000000110000000000000000001110000000000000010000000
000000000000000000000000000011000000000000000000111000000000000010000000
000000000000000000000000000001100000000000000000011100000000000010000000
000000000000000000000000000000110000000000000000001110000000000010000000
000000000000000000000000000000011000000000000000000111000000000010000000
000000000000000000000000000000001100000000000000000011100000000010000000
000000000000000000000000000000000110000000000000000001110000000010000000
000000000000000000000000000000000011000000000000000000111000000010000000
000000000000000000000000000000000001100000000000000000011100000010000000
000000000000000000000000000000000000110000000000000000001110000010000000
000000000000000000000000000000000000011000000000000000000111000010000000
110000000000000000001100000000000000000010000000000000000000000010000000
011000000000000000000110000000000000000001000000000000000000000010000000
001100000000000000000011000000000000000000100000000000000000000010000000
000110000000000000000001100000000000000000010000000000000000000010000000
000011000000000000000000110000000000000000001000000000000000000010000000
000001100000000000000000011000000000000000000100000000000000000010000000
000000110000000000000000001100000000000000000010000000000000000010000000
000000011000000000000000000110000000000000000001000000000000000010000000
000000001100000000000000000011000000000000000000100000000000000010000000
000000000110000000000000000001100000000000000000010000000000000010000000
000000000011000000000000000000110000000000000000001000000000000010000000
000000000001100000000000000000011000000000000000000100000000000010000000
000000000000110000000000000000001100000000000000000010000000000010000000
000000000000011000000000000000000110000000000000000001000000000010000000
000000000000001100000000000000000011000000000000000000100000000010000000
000000000000000110000000000000000001100000000000000000010000000010000000
000000000000000011000000000000000000110000000000000000001000000010000000
000000000000000001100000000000000000011000000000000000000100000010000000
000000000000000000110000000000000000001100000000000000000010000010000000
111000000000000000000110000000000000000000000000000000000000000010000000
011100000000000000000011000000000000000000000000000000000000000010000000
001110000000000000000001100000000000000000000000000000000000000010000000
000111000000000000000000110000000000000000000000000000000000000010000000
000011100000000000000000011000000000000000000000000000000000000010000000
000001110000000000000000001100000000000000000000000000000000000010000000
000000111000000000000000000110000000000000000000000000000000000010000000
000000011100000000000000000011000000000000000000000000000000000010000000
000000001110000000000000000001100000000000000000000000000000000010000000
000000000111000000000000000000110000000000000000000000000000000010000000
000000000011100000000000000000011000000000000000000000000000000010000000
000000000001110000000000000000001100000000000000000000000000000010000000
000000000000111000000000000000000110000000000000000000000000000010000000
000000000000011100000000000000000011000000000000000000000000000010000000
000000000000001110000000000000000001100000000000000000000000000010000000
000000000000000111000000000000000000110000000000000000000000000010000000
000000000000000011100000000000000000011000000000000000000000000010000000
000000000000000001110000000000000000001100000000000000000000000010000000
000000000000000000001110000000000000000001100000000000000000000010000000
000000000000000000000111000000000000000000110000000000000000000010000000
000000000000000000000011100000000000000000011000000000000000000010000000
000000000000000000000001110000000000000000001100000000000000000010000000
000000000000000000000000111000000000000000000110000000000000000010000000
000000000000000000000000011100000000000000000011000000000000000010000000
000000000000000000000000001110000000000000000001100000000000000010000000
000000000000000000000000000111000000000000000000110000000000000010000000
000000000000000000000000000011100000000000000000011000000000000010000000
000000000000000000000000000001110000000000000000001100000000000010000000
000000000000000000000000000000111000000000000000000110000000000010000000
000000000000000000000000000000011100000000000000000011000000000010000000
000000000000000000000000000000001110000000000000000001100000000010000000
000000000000000000000000000000000111000000000000000000110000000010000000
000000000000000000000000000000000011100000000000000000011000000010000000
000000000000000000000000000000000001110000000000000000001100000010000000
000000000000000000000000000000000000111000000000000000000110000010000000
000000000000000000000000000000000000011100000000000000000011000010000000
010000000000000000000100000000000000000011100000000000000000000001000000
001000000000000000000010000000000000000001110000000000000000000001000000
000100000000000000000001000000000000000000111000000000000000000001000000
000010000000000000000000100000000000000000011100000000000000000001000000
000001000000000000000000010000000000000000001110000000000000000001000000
000000100000000000000000001000000000000000000111000000000000000001000000
000000010000000000000000000100000000000000000011100000000000000001000000
000000001000000000000000000010000000000000000001110000000000000001000000
000000000100000000000000000001000000000000000000111000000000000001000000
000000000010000000000000000000100000000000000000011100000000000001000000
000000000001000000000000000000010000000000000000001110000000000001000000
000000000000100000000000000000001000000000000000000111000000000001000000
000000000000010000000000000000000100000000000000000011100000000001000000
000000000000001000000000000000000010000000000000000001110000000001000000
000000000000000100000000000000000001000000000000000000111000000001000000
000000000000000010000000000000000000100000000000000000011100000001000000
000000000000000001000000000000000000010000000000000000001110000001000000
000000000000000000100000000000000000001000000000000000000111000001000000
100000000000000000001110000000000000000010000000000000000000000001000000
010000000000000000000111000000000000000001000000000000000000000001000000
001000000000000000000011100000000000000000100000000000000000000001000000
000100000000000000000001110000000000000000010000000000000000000001000000
000010000000000000000000111000000000000000001000000000000000000001000000
000001000000000000000000011100000000000000000100000000000000000001000000
000000100000000000000000001110000000000000000010000000000000000001000000
000000010000000000000000000111000000000000000001000000000000000001000000
000000001000000000000000000011100000000000000000100000000000000001000000
000000000100000000000000000001110000000000000000010000000000000001000000
000000000010000000000000000000111000000000000000001000000000000001000000
000000000001000000000000000000011100000000000000000100000000000001000000
000000000000100000000000000000001110000000000000000010000000000001000000
000000000000010000000000000000000111000000000000000001000000000001000000
000000000000001000000000000000000011100000000000000000100000000001000000
000000000000000100000000000000000001110000000000000000010000000001000000
000000000000000010000000000000000000111000000000000000001000000001000000
000000000000000001000000000000000000011100000000000000000100000001000000
111000000000000000000100000000000000000001000000000000000000000001000000
011100000000000000000010000000000000000000100000000000000000000001000000
001110000000000000000001000000000000000000010000000000000000000001000000
000111000000000000000000100000000000000000001000000000000000000001000000
000011100000000000000000010000000000000000000100000000000000000001000000
000001110000000000000000001000000000000000000010000000000000000001000000
000000111000000000000000000100000000000000000001000000000000000001000000
000000011100000000000000000010000000000000000000100000000000000001000000
000000001110000000000000000001000000000000000000010000000000000001000000
000000000111000000000000000000100000000000000000001000000000000001000000
000000000011100000000000000000010000000000000000000100000000000001000000
000000000001110000000000000000001000000000000000000010000000000001000000
000000000000111000000000000000000100000000000000000001000000000001000000
000000000000011100000000000000000010000000000000000000100000000001000000
000000000000001110000000000000000001000000000000000000010000000001000000
000000000000000111000000000000000000100000000000000000001000000001000000
000000000000000011100000000000000000010000000000000000000100000001000000
000000000000000001110000000000000000001000000000000000000010000001000000
001000000000000000001110000000000000000000100000000000000000000001000000
000100000000000000000111000000000000000000010000000000000000000001000000
000010000000000000000011100000000000000000001000000000000000000001000000
000001000000000000000001110000000000000000000100000000000000000001000000
000000100000000000000000111000000000000000000010000000000000000001000000
000000010000000000000000011100000000000000000001000000000000000001000000
000000001000000000000000001110000000000000000000100000000000000001000000
000000000100000000000000000111000000000000000000010000000000000001000000
000000000010000000000000000011100000000000000000001000000000000001000000
000000000001000000000000000001110000000000000000000100000000000001000000
000000000000100000000000000000111000000000000000000010000000000001000000
000000000000010000000000000000011100000000000000000001000000000001000000
000000000000001000000000000000001110000000000000000000100000000001000000
000000000000000100000000000000000111000000000000000000010000000001000000
000000000000000010000000000000000011100000000000000000001000000001000000
000000000000000001000000000000000001110000000000000000000100000001000000
000000000000000000100000000000000000111000000000000000000010000001000000
000000000000000000010000000000000000011100000000000000000001000001000000
111000000000000000001010000000000000000000000000000000000000000000100000
011100000000000000000101000000000000000000000000000000000000000000100000
001110000000000000000010100000000000000000000000000000000000000000100000
000111000000000000000001010000000000000000000000000000000000000000100000
000011100000000000000000101000000000000000000000000000000000000000100000
000001110000000000000000010100000000000000000000000000000000000000100000
000000111000000000000000001010000000000000000000000000000000000000100000
000000011100000000000000000101000000000000000000000000000000000000100000
000000001110000000000000000010100000000000000000000000000000000000100000
000000000111000000000000000001010000000000000000000000000000000000100000
000000000011100000000000000000101000000000000000000000000000000000100000
000000000001110000000000000000010100000000000000000000000000000000100000
000000000000111000000000000000001010000000000000000000000000000000100000
000000000000011100000000000000000101000000000000000000000000000000100000
000000000000001110000000000000000010100000000000000000000000000000100000
000000000000000111000000000000000001010000000000000000000000000000100000
000000000000000011100000000000000000101000000000000000000000000000100000
000000000000000001110000000000000000010100000000000000000000000000100000
000000000000000000001110000000000000000010100000000000000000000000100000
000000000000000000000111000000000000000001010000000000000000000000100000
000000000000000000000011100000000000000000101000000000000000000000100000
000000000000000000000001110000000000000000010100000000000000000000100000
000000000000000000000000111000000000000000001010000000000000000000100000
000000000000000000000000011100000000000000000101000000000000000000100000
000000000000000000000000001110000000000000000010100000000000000000100000
000000000000000000000000000111000000000000000001010000000000000000100000
000000000000000000000000000011100000000000000000101000000000000000100000
000000000000000000000000000001110000000000000000010100000000000000100000
000000000000000000000000000000111000000000000000001010000000000000100000
000000000000000000000000000000011100000000000000000101000000000000100000
000000000000000000000000000000001110000000000000000010100000000000100000
000000000000000000000000000000000111000000000000000001010000000000100000
000000000000000000000000000000000011100000000000000000101000000000100000
000000000000000000000000000000000001110000000000000000010100000000100000
000000000000000000000000000000000000111000000000000000001010000000100000
000000000000000000000000000000000000011100000000000000000101000000100000
110000000000000000000100000000000000000011000000000000000000000000100000
011000000000000000000010000000000000000001100000000000000000000000100000
001100000000000000000001000000000000000000110000000000000000000000100000
000110000000000000000000100000000000000000011000000000000000000000100000
000011000000000000000000010000000000000000001100000000000000000000100000
000001100000000000000000001000000000000000000110000000000000000000100000
000000110000000000000000000100000000000000000011000000000000000000100000
000000011000000000000000000010000000000000000001100000000000000000100000
000000001100000000000000000001000000000000000000110000000000000000100000
000000000110000000000000000000100000000000000000011000000000000000100000
000000000011000000000000000000010000000000000000001100000000000000100000
000000000001100000000000000000001000000000000000000110000000000000100000
000000000000110000000000000000000100000000000000000011000000000000100000
000000000000011000000000000000000010000000000000000001100000000000100000
000000000000001100000000000000000001000000000000000000110000000000100000
000000000000000110000000000000000000100000000000000000011000000000100000
000000000000000011000000000000000000010000000000000000001100000000100000
000000000000000001100000000000000000001000000000000000000110000000100000
000000000000000000110000000000000000000100000000000000000011000000100000
101000000000000000001110000000000000000000000000000000000000000000100000
010100000000000000000111000000000000000000000000000000000000000000100000
001010000000000000000011100000000000000000000000000000000000000000100000
000101000000000000000001110000000000000000000000000000000000000000100000
000010100000000000000000111000000000000000000000000000000000000000100000
000001010000000000000000011100000000000000000000000000000000000000100000
000000101000000000000000001110000000000000000000000000000000000000100000
000000010100000000000000000111000000000000000000000000000000000000100000
000000001010000000000000000011100000000000000000000000000000000000100000
000000000101000000000000000001110000000000000000000000000000000000100000
000000000010100000000000000000111000000000000000000000000000000000100000
000000000001010000000000000000011100000000000000000000000000000000100000
000000000000101000000000000000001110000000000000000000000000000000100000
000000000000010100000000000000000111000000000000000000000000000000100000
000000000000001010000000000000000011100000000000000000000000000000100000
000000000000000101000000000000000001110000000000000000000000000000100000
000000000000000010100000000000000000111000000000000000000000000000100000
000000000000000001010000000000000000011100000000000000000000000000100000
000000000000000000001010000000000000000011100000000000000000000000100000
000000000000000000000101000000000000000001110000000000000000000000100000
000000000000000000000010100000000000000000111000000000000000000000100000
000000000000000000000001010000000000000000011100000000000000000000100000
000000000000000000000000101000000000000000001110000000000000000000100000
000000000000000000000000010100000000000000000111000000000000000000100000
000000000000000000000000001010000000000000000011100000000000000000100000
000000000000000000000000000101000000000000000001110000000000000000100000
000000000000000000000000000010100000000000000000111000000000000000100000
000000000000000000000000000001010000000000000000011100000000000000100000
000000000000000000000000000000101000000000000000001110000000000000100000
000000000000000000000000000000010100000000000000000111000000000000100000
000000000000000000000000000000001010000000000000000011100000000000100000
000000000000000000000000000000000101000000000000000001110000000000100000
000000000000000000000000000000000010100000000000000000111000000000100000
000000000000000000000000000000000001010000000000000000011100000000100000
000000000000000000000000000000000000101000000000000000001110000000100000
000000000000000000000000000000000000010100000000000000000111000000100000
110000000000000000001000000000000000000011000000000000000000000000100000
011000000000000000000100000000000000000001100000000000000000000000100000
001100000000000000000010000000000000000000110000000000000000000000100000
000110000000000000000001000000000000000000011000000000000000000000100000
000011000000000000000000100000000000000000001100000000000000000000100000
000001100000000000000000010000000000000000000110000000000000000000100000
000000110000000000000000001000000000000000000011000000000000000000100000
000000011000000000000000000100000000000000000001100000000000000000100000
000000001100000000000000000010000000000000000000110000000000000000100000
000000000110000000000000000001000000000000000000011000000000000000100000
000000000011000000000000000000100000000000000000001100000000000000100000
000000000001100000000000000000010000000000000000000110000000000000100000
000000000000110000000000000000001000000000000000000011000000000000100000
000000000000011000000000000000000100000000000000000001100000000000100000
000000000000001100000000000000000010000000000000000000110000000000100000
000000000000000110000000000000000001000000000000000000011000000000100000
000000000000000011000000000000000000100000000000000000001100000000100000
000000000000000001100000000000000000010000000000000000000110000000100000
000000000000000000110000000000000000001000000000000000000011000000100000
111000000000000000001000000000000000000010000000000000000000000000010000
011100000000000000000100000000000000000001000000000000000000000000010000
001110000000000000000010000000000000000000100000000000000000000000010000
000111000000000000000001000000000000000000010000000000000000000000010000
000011100000000000000000100000000000000000001000000000000000000000010000
000001110000000000000000010000000000000000000100000000000000000000010000
000000111000000000000000001000000000000000000010000000000000000000010000
000000011100000000000000000100000000000000000001000000000000000000010000
000000001110000000000000000010000000000000000000100000000000000000010000
000000000111000000000000000001000000000000000000010000000000000000010000
000000000011100000000000000000100000000000000000001000000000000000010000
000000000001110000000000000000010000000000000000000100000000000000010000
000000000000111000000000000000001000000000000000000010000000000000010000
000000000000011100000000000000000100000000000000000001000000000000010000
000000000000001110000000000000000010000000000000000000100000000000010000
000000000000000111000000000000000001000000000000000000010000000000010000
000000000000000011100000000000000000100000000000000000001000000000010000
000000000000000001110000000000000000010000000000000000000100000000010000
111000000000000000000010000000000000000000100000000000000000000000010000
011100000000000000000001000000000000000000010000000000000000000000010000
001110000000000000000000100000000000000000001000000000000000000000010000
000111000000000000000000010000000000000000000100000000000000000000010000
000011100000000000000000001000000000000000000010000000000000000000010000
000001110000000000000000000100000000000000000001000000000000000000010000
000000111000000000000000000010000000000000000000100000000000000000010000
000000011100000000000000000001000000000000000000010000000000000000010000
000000001110000000000000000000100000000000000000001000000000000000010000
000000000111000000000000000000010000000000000000000100000000000000010000
000000000011100000000000000000001000000000000000000010000000000000010000
000000000001110000000000000000000100000000000000000001000000000000010000
000000000000111000000000000000000010000000000000000000100000000000010000
000000000000011100000000000000000001000000000000000000010000000000010000
000000000000001110000000000000000000100000000000000000001000000000010000
000000000000000111000000000000000000010000000000000000000100000000010000
000000000000000011100000000000000000001000000000000000000010000000010000
000000000000000001110000000000000000000100000000000000000001000000010000
001000000000000000000010000000000000000011100000000000000000000000010000
000100000000000000000001000000000000000001110000000000000000000000010000
000010000000000000000000100000000000000000111000000000000000000000010000
000001000000000000000000010000000000000000011100000000000000000000010000
000000100000000000000000001000000000000000001110000000000000000000010000
000000010000000000000000000100000000000000000111000000000000000000010000
000000001000000000000000000010000000000000000011100000000000000000010000
000000000100000000000000000001000000000000000001110000000000000000010000
000000000010000000000000000000100000000000000000111000000000000000010000
000000000001000000000000000000010000000000000000011100000000000000010000
000000000000100000000000000000001000000000000000001110000000000000010000
000000000000010000000000000000000100000000000000000111000000000000010000
000000000000001000000000000000000010000000000000000011100000000000010000
000000000000000100000000000000000001000000000000000001110000000000010000
000000000000000010000000000000000000100000000000000000111000000000010000
000000000000000001000000000000000000010000000000000000011100000000010000
000000000000000000100000000000000000001000000000000000001110000000010000
000000000000000000010000000000000000000100000000000000000111000000010000
100000000000000000001000000000000000000011100000000000000000000000010000
010000000000000000000100000000000000000001110000000000000000000000010000
001000000000000000000010000000000000000000111000000000000000000000010000
000100000000000000000001000000000000000000011100000000000000000000010000
000010000000000000000000100000000000000000001110000000000000000000010000
000001000000000000000000010000000000000000000111000000000000000000010000
000000100000000000000000001000000000000000000011100000000000000000010000
000000010000000000000000000100000000000000000001110000000000000000010000
000000001000000000000000000010000000000000000000111000000000000000010000
000000000100000000000000000001000000000000000000011100000000000000010000
000000000010000000000000000000100000000000000000001110000000000000010000
000000000001000000000000000000010000000000000000000111000000000000010000
000000000000100000000000000000001000000000000000000011100000000000010000
000000000000010000000000000000000100000000000000000001110000000000010000
000000000000001000000000000000000010000000000000000000111000000000010000
000000000000000100000000000000000001000000000000000000011100000000010000
000000000000000010000000000000000000100000000000000000001110000000010000
000000000000000001000000000000000000010000000000000000000111000000010000
011000000000000000001100000000000000000010000000000000000000000000001000
001100000000000000000110000000000000000001000000000000000000000000001000
000110000000000000000011000000000000000000100000000000000000000000001000
000011000000000000000001100000000000000000010000000000000000000000001000
000001100000000000000000110000000000000000001000000000000000000000001000
000000110000000000000000011000000000000000000100000000000000000000001000
000000011000000000000000001100000000000000000010000000000000000000001000
000000001100000000000000000110000000000000000001000000000000000000001000
000000000110000000000000000011000000000000000000100000000000000000001000
000000000011000000000000000001100000000000000000010000000000000000001000
000000000001100000000000000000110000000000000000001000000000000000001000
000000000000110000000000000000011000000000000000000100000000000000001000
000000000000011000000000000000001100000000000000000010000000000000001000
000000000000001100000000000000000110000000000000000001000000000000001000
000000000000000110000000000000000011000000000000000000100000000000001000
000000000000000011000000000000000001100000000000000000010000000000001000
000000000000000001100000000000000000110000000000000000001000000000001000
000000000000000000110000000000000000011000000000000000000100000000001000
110000000000000000000110000000000000000000100000000000000000000000001000
011000000000000000000011000000000000000000010000000000000000000000001000
001100000000000000000001100000000000000000001000000000000000000000001000
000110000000000000000000110000000000000000000100000000000000000000001000
000011000000000000000000011000000000000000000010000000000000000000001000
000001100000000000000000001100000000000000000001000000000000000000001000
000000110000000000000000000110000000000000000000100000000000000000001000
000000011000000000000000000011000000000000000000010000000000000000001000
000000001100000000000000000001100000000000000000001000000000000000001000
000000000110000000000000000000110000000000000000000100000000000000001000
000000000011000000000000000000011000000000000000000010000000000000001000
000000000001100000000000000000001100000000000000000001000000000000001000
000000000000110000000000000000000110000000000000000000100000000000001000
000000000000011000000000000000000011000000000000000000010000000000001000
000000000000001100000000000000000001100000000000000000001000000000001000
000000000000000110000000000000000000110000000000000000000100000000001000
000000000000000011000000000000000000011000000000000000000010000000001000
000000000000000001100000000000000000001100000000000000000001000000001000
001000000000000000000110000000000000000011000000000000000000000000001000
000100000000000000000011000000000000000001100000000000000000000000001000
000010000000000000000001100000000000000000110000000000000000000000001000
000001000000000000000000110000000000000000011000000000000000000000001000
000000100000000000000000011000000000000000001100000000000000000000001000
000000010000000000000000001100000000000000000110000000000000000000001000
000000001000000000000000000110000000000000000011000000000000000000001000
000000000100000000000000000011000000000000000001100000000000000000001000
000000000010000000000000000001100000000000000000110000000000000000001000
000000000001000000000000000000110000000000000000011000000000000000001000
000000000000100000000000000000011000000000000000001100000000000000001000
000000000000010000000000000000001100000000000000000110000000000000001000
000000000000001000000000000000000110000000000000000011000000000000001000
000000000000000100000000000000000011000000000000000001100000000000001000
000000000000000010000000000000000001100000000000000000110000000000001000
000000000000000001000000000000000000110000000000000000011000000000001000
000000000000000000100000000000000000011000000000000000001100000000001000
000000000000000000010000000000000000001100000000000000000110000000001000
100000000000000000001100000000000000000001100000000000000000000000001000
010000000000000000000110000000000000000000110000000000000000000000001000
001000000000000000000011000000000000000000011000000000000000000000001000
000100000000000000000001100000000000000000001100000000000000000000001000
000010000000000000000000110000000000000000000110000000000000000000001000
000001000000000000000000011000000000000000000011000000000000000000001000
000000100000000000000000001100000000000000000001100000000000000000001000
000000010000000000000000000110000000000000000000110000000000000000001000
000000001000000000000000000011000000000000000000011000000000000000001000
000000000100000000000000000001100000000000000000001100000000000000001000
000000000010000000000000000000110000000000000000000110000000000000001000
000000000001000000000000000000011000000000000000000011000000000000001000
000000000000100000000000000000001100000000000000000001100000000000001000
000000000000010000000000000000000110000000000000000000110000000000001000
000000000000001000000000000000000011000000000000000000011000000000001000
000000000000000100000000000000000001100000000000000000001100000000001000
000000000000000010000000000000000000110000000000000000000110000000001000
000000000000000001000000000000000000011000000000000000000011000000001000
010000000000000000001110000000000000000001000000000000000000000000000100
001000000000000000000111000000000000000000100000000000000000000000000100
000100000000000000000011100000000000000000010000000000000000000000000100
000010000000000000000001110000000000000000001000000000000000000000000100
000001000000000000000000111000000000000000000100000000000000000000000100
000000100000000000000000011100000000000000000010000000000000000000000100
000000010000000000000000001110000000000000000001000000000000000000000100
000000001000000000000000000111000000000000000000100000000000000000000100
000000000100000000000000000011100000000000000000010000000000000000000100
000000000010000000000000000001110000000000000000001000000000000000000100
000000000001000000000000000000111000000000000000000100000000000000000100
000000000000100000000000000000011100000000000000000010000000000000000100
000000000000010000000000000000001110000000000000000001000000000000000100
000000000000001000000000000000000111000000000000000000100000000000000100
000000000000000100000000000000000011100000000000000000010000000000000100
000000000000000010000000000000000001110000000000000000001000000000000100
000000000000000001000000000000000000111000000000000000000100000000000100
000000000000000000100000000000000000011100000000000000000010000000000100
111100000000000000000010000000000000000000000000000000000000000000000010
011110000000000000000001000000000000000000000000000000000000000000000010
001111000000000000000000100000000000000000000000000000000000000000000010
000111100000000000000000010000000000000000000000000000000000000000000010
000011110000000000000000001000000000000000000000000000000000000000000010
000001111000000000000000000100000000000000000000000000000000000000000010
000000111100000000000000000010000000000000000000000000000000000000000010
000000011110000000000000000001000000000000000000000000000000000000000010
000000001111000000000000000000100000000000000000000000000000000000000010
000000000111100000000000000000010000000000000000000000000000000000000010
000000000011110000000000000000001000000000000000000000000000000000000010
000000000001111000000000000000000100000000000000000000000000000000000010
000000000000111100000000000000000010000000000000000000000000000000000010
000000000000011110000000000000000001000000000000000000000000000000000010
000000000000001111000000000000000000100000000000000000000000000000000010
000000000000000111100000000000000000010000000000000000000000000000000010
000000000000000011110000000000000000001000000000000000000000000000000010
000000000000000000001111000000000000000000100000000000000000000000000010
000000000000000000000111100000000000000000010000000000000000000000000010
000000000000000000000011110000000000000000001000000000000000000000000010
000000000000000000000001111000000000000000000100000000000000000000000010
000000000000000000000000111100000000000000000010000000000000000000000010
000000000000000000000000011110000000000000000001000000000000000000000010
000000000000000000000000001111000000000000000000100000000000000000000010
000000000000000000000000000111100000000000000000010000000000000000000010
000000000000000000000000000011110000000000000000001000000000000000000010
000000000000000000000000000001111000000000000000000100000000000000000010
000000000000000000000000000000111100000000000000000010000000000000000010
000000000000000000000000000000011110000000000000000001000000000000000010
000000000000000000000000000000001111000000000000000000100000000000000010
000000000000000000000000000000000111100000000000000000010000000000000010
000000000000000000000000000000000011110000000000000000001000000000000010
000000000000000000000000000000000001111000000000000000000100000000000010
000000000000000000000000000000000000111100000000000000000010000000000010
010000000000000000001111000000000000000000000000000000000000000000000010
001000000000000000000111100000000000000000000000000000000000000000000010
000100000000000000000011110000000000000000000000000000000000000000000010
000010000000000000000001111000000000000000000000000000000000000000000010
000001000000000000000000111100000000000000000000000000000000000000000010
000000100000000000000000011110000000000000000000000000000000000000000010
000000010000000000000000001111000000000000000000000000000000000000000010
000000001000000000000000000111100000000000000000000000000000000000000010
000000000100000000000000000011110000000000000000000000000000000000000010
000000000010000000000000000001111000000000000000000000000000000000000010
000000000001000000000000000000111100000000000000000000000000000000000010
000000000000100000000000000000011110000000000000000000000000000000000010
000000000000010000000000000000001111000000000000000000000000000000000010
000000000000001000000000000000000111100000000000000000000000000000000010
000000000000000100000000000000000011110000000000000000000000000000000010
000000000000000010000000000000000001111000000000000000000000000000000010
000000000000000001000000000000000000111100000000000000000000000000000010
000000000000000000000100000000000000000011110000000000000000000000000010
000000000000000000000010000000000000000001111000000000000000000000000010
000000000000000000000001000000000000000000111100000000000000000000000010
000000000000000000000000100000000000000000011110000000000000000000000010
000000000000000000000000010000000000000000001111000000000000000000000010
000000000000000000000000001000000000000000000111100000000000000000000010
000000000000000000000000000100000000000000000011110000000000000000000010
000000000000000000000000000010000000000000000001111000000000000000000010
000000000000000000000000000001000000000000000000111100000000000000000010
000000000000000000000000000000100000000000000000011110000000000000000010
000000000000000000000000000000010000000000000000001111000000000000000010
000000000000000000000000000000001000000000000000000111100000000000000010
000000000000000000000000000000000100000000000000000011110000000000000010
000000000000000000000000000000000010000000000000000001111000000000000010
000000000000000000000000000000000001000000000000000000111100000000000010
000000000000000000000000000000000000100000000000000000011110000000000010
000000000000000000000000000000000000010000000000000000001111000000000010
001000000000000000001111000000000000000000000000000000000000000000000010
000100000000000000000111100000000000000000000000000000000000000000000010
000010000000000000000011110000000000000000000000000000000000000000000010
000001000000000000000001111000000000000000000000000000000000000000000010
000000100000000000000000111100000000000000000000000000000000000000000010
000000010000000000000000011110000000000000000000000000000000000000000010
000000001000000000000000001111000000000000000000000000000000000000000010
000000000100000000000000000111100000000000000000000000000000000000000010
000000000010000000000000000011110000000000000000000000000000000000000010
000000000001000000000000000001111000000000000000000000000000000000000010
000000000000100000000000000000111100000000000000000000000000000000000010
000000000000010000000000000000011110000000000000000000000000000000000010
000000000000001000000000000000001111000000000000000000000000000000000010
000000000000000100000000000000000111100000000000000000000000000000000010
000000000000000010000000000000000011110000000000000000000000000000000010
000000000000000001000000000000000001111000000000000000000000000000000010
000000000000000000100000000000000000111100000000000000000000000000000010
000000000000000000000010000000000000000011110000000000000000000000000010
000000000000000000000001000000000000000001111000000000000000000000000010
000000000000000000000000100000000000000000111100000000000000000000000010
000000000000000000000000010000000000000000011110000000000000000000000010
000000000000000000000000001000000000000000001111000000000000000000000010
000000000000000000000000000100000000000000000111100000000000000000000010
000000000000000000000000000010000000000000000011110000000000000000000010
000000000000000000000000000001000000000000000001111000000000000000000010
000000000000000000000000000000100000000000000000111100000000000000000010
000000000000000000000000000000010000000000000000011110000000000000000010
000000000000000000000000000000001000000000000000001111000000000000000010
000000000000000000000000000000000100000000000000000111100000000000000010
000000000000000000000000000000000010000000000000000011110000000000000010
000000000000000000000000000000000001000000000000000001111000000000000010
000000000000000000000000000000000000100000000000000000111100000000000010
000000000000000000000000000000000000010000000000000000011110000000000010
000000000000000000000000000000000000001000000000000000001111000000000010
111100000000000000000100000000000000000000000000000000000000000000000010
011110000000000000000010000000000000000000000000000000000000000000000010
001111000000000000000001000000000000000000000000000000000000000000000010
000111100000000000000000100000000000000000000000000000000000000000000010
000011110000000000000000010000000000000000000000000000000000000000000010
000001111000000000000000001000000000000000000000000000000000000000000010
000000111100000000000000000100000000000000000000000000000000000000000010
000000011110000000000000000010000000000000000000000000000000000000000010
000000001111000000000000000001000000000000000000000000000000000000000010
000000000111100000000000000000100000000000000000000000000000000000000010
000000000011110000000000000000010000000000000000000000000000000000000010
000000000001111000000000000000001000000000000000000000000000000000000010
000000000000111100000000000000000100000000000000000000000000000000000010
000000000000011110000000000000000010000000000000000000000000000000000010
000000000000001111000000000000000001000000000000000000000000000000000010
000000000000000111100000000000000000100000000000000000000000000000000010
000000000000000011110000000000000000010000000000000000000000000000000010
000000000000000000001111000000000000000001000000000000000000000000000010
000000000000000000000111100000000000000000100000000000000000000000000010
000000000000000000000011110000000000000000010000000000000000000000000010
000000000000000000000001111000000000000000001000000000000000000000000010
000000000000000000000000111100000000000000000100000000000000000000000010
000000000000000000000000011110000000000000000010000000000000000000000010
000000000000000000000000001111000000000000000001000000000000000000000010
000000000000000000000000000111100000000000000000100000000000000000000010
000000000000000000000000000011110000000000000000010000000000000000000010
000000000000000000000000000001111000000000000000001000000000000000000010
000000000000000000000000000000111100000000000000000100000000000000000010
000000000000000000000000000000011110000000000000000010000000000000000010
000000000000000000000000000000001111000000000000000001000000000000000010
000000000000000000000000000000000111100000000000000000100000000000000010
000000000000000000000000000000000011110000000000000000010000000000000010
000000000000000000000000000000000001111000000000000000001000000000000010
000000000000000000000000000000000000111100000000000000000100000000000010
011000000000000000000100000000000000000011000000000000000000000000000001
001100000000000000000010000000000000000001100000000000000000000000000001
000110000000000000000001000000000000000000110000000000000000000000000001
000011000000000000000000100000000000000000011000000000000000000000000001
000001100000000000000000010000000000000000001100000000000000000000000001
000000110000000000000000001000000000000000000110000000000000000000000001
000000011000000000000000000100000000000000000011000000000000000000000001
000000001100000000000000000010000000000000000001100000000000000000000001
000000000110000000000000000001000000000000000000110000000000000000000001
000000000011000000000000000000100000000000000000011000000000000000000001
000000000001100000000000000000010000000000000000001100000000000000000001
000000000000110000000000000000001000000000000000000110000000000000000001
000000000000011000000000000000000100000000000000000011000000000000000001
000000000000001100000000000000000010000000000000000001100000000000000001
000000000000000110000000000000000001000000000000000000110000000000000001
000000000000000011000000000000000000100000000000000000011000000000000001
000000000000000001100000000000000000010000000000000000001100000000000001
000000000000000000110000000000000000001000000000000000000110000000000001
100000000000000000001110000000000000000000100000000000000000000000000001
010000000000000000000111000000000000000000010000000000000000000000000001
001000000000000000000011100000000000000000001000000000000000000000000001
000100000000000000000001110000000000000000000100000000000000000000000001
000010000000000000000000111000000000000000000010000000000000000000000001
000001000000000000000000011100000000000000000001000000000000000000000001
000000100000000000000000001110000000000000000000100000000000000000000001
000000010000000000000000000111000000000000000000010000000000000000000001
000000001000000000000000000011100000000000000000001000000000000000000001
000000000100000000000000000001110000000000000000000100000000000000000001
000000000010000000000000000000111000000000000000000010000000000000000001
000000000001000000000000000000011100000000000000000001000000000000000001
000000000000100000000000000000001110000000000000000000100000000000000001
000000000000010000000000000000000111000000000000000000010000000000000001
000000000000001000000000000000000011100000000000000000001000000000000001
000000000000000100000000000000000001110000000000000000000100000000000001
000000000000000010000000000000000000111000000000000000000010000000000001
000000000000000001000000000000000000011100000000000000000001000000000001
110000000000000000000100000000000000000001100000000000000000000000000001
011000000000000000000010000000000000000000110000000000000000000000000001
001100000000000000000001000000000000000000011000000000000000000000000001
000110000000000000000000100000000000000000001100000000000000000000000001
000011000000000000000000010000000000000000000110000000000000000000000001
000001100000000000000000001000000000000000000011000000000000000000000001
000000110000000000000000000100000000000000000001100000000000000000000001
000000011000000000000000000010000000000000000000110000000000000000000001
000000001100000000000000000001000000000000000000011000000000000000000001
000000000110000000000000000000100000000000000000001100000000000000000001
000000000011000000000000000000010000000000000000000110000000000000000001
000000000001100000000000000000001000000000000000000011000000000000000001
000000000000110000000000000000000100000000000000000001100000000000000001
000000000000011000000000000000000010000000000000000000110000000000000001
000000000000001100000000000000000001000000000000000000011000000000000001
000000000000000110000000000000000000100000000000000000001100000000000001
000000000000000011000000000000000000010000000000000000000110000000000001
000000000000000001100000000000000000001000000000000000000011000000000001
001000000000000000001110000000000000000010000000000000000000000000000001
000100000000000000000111000000000000000001000000000000000000000000000001
000010000000000000000011100000000000000000100000000000000000000000000001
000001000000000000000001110000000000000000010000000000000000000000000001
000000100000000000000000111000000000000000001000000000000000000000000001
000000010000000000000000011100000000000000000100000000000000000000000001
000000001000000000000000001110000000000000000010000000000000000000000001
000000000100000000000000000111000000000000000001000000000000000000000001
000000000010000000000000000011100000000000000000100000000000000000000001
000000000001000000000000000001110000000000000000010000000000000000000001
000000000000100000000000000000111000000000000000001000000000000000000001
000000000000010000000000000000011100000000000000000100000000000000000001
000000000000001000000000000000001110000000000000000010000000000000000001
000000000000000100000000000000000111000000000000000001000000000000000001
000000000000000010000000000000000011100000000000000000100000000000000001
000000000000000001000000000000000001110000000000000000010000000000000001
000000000000000000100000000000000000111000000000000000001000000000000001
000000000000000000010000000000000000011100000000000000000100000000000001
Solution 1
+--+--+--+--+--+--+--+--+--+--+--+--+--+--+--+--+--+--+--+--+
|U_|U_|X_|P_|P_|P_|Z_|Y_|Y_|Y_|Y_|W_|T_|F_|N_|N_|N_|V_|V_|V_|
+--+--+--+--+--+--+--+--+--+--+--+--+--+--+--+--+--+--+--+--+
|U_|X_|X_|X_|P_|P_|Z_|Z_|Z_|Y_|W_|W_|T_|F_|F_|F_|N_|N_|L_|V_|
+--+--+--+--+--+--+--+--+--+--+--+--+--+--+--+--+--+--+--+--+
|U_|U_|X_|I_|I_|I_|I_|I_|Z_|W_|W_|T_|T_|T_|F_|L_|L_|L_|L_|V_|
+--+--+--+--+--+--+--+--+--+--+--+--+--+--+--+--+--+--+--+--+
Solution 2
+--+--+--+--+--+--+--+--+--+--+--+--+--+--+--+--+--+--+--+--+
|V_|Z_|Y_|Y_|Y_|Y_|W_|T_|F_|N_|N_|N_|I_|I_|I_|I_|I_|X_|U_|U_|
+--+--+--+--+--+--+--+--+--+--+--+--+--+--+--+--+--+--+--+--+
|V_|Z_|Z_|Z_|Y_|W_|W_|T_|F_|F_|F_|N_|N_|L_|P_|P_|X_|X_|X_|U_|
+--+--+--+--+--+--+--+--+--+--+--+--+--+--+--+--+--+--+--+--+
|V_|V_|V_|Z_|W_|W_|T_|T_|T_|F_|L_|L_|L_|L_|P_|P_|P_|X_|U_|U_|
+--+--+--+--+--+--+--+--+--+--+--+--+--+--+--+--+--+--+--+--+
